Valid.
Start : 2026-06-01 03:39:47.563795
Parameter = 9


Runtime = 990.74 seconds
End = 2026-06-01 03:56:18.295628
