Valid.
Start : 2026-06-01 03:39:47.574801
Parameter = 12


Runtime = 9.54 seconds
End = 2026-06-01 03:39:57.102435
