Valid.
Start : 2026-06-01 03:39:47.562850
Parameter = 8


Runtime = 4640.90 seconds
End = 2026-06-01 04:57:08.463950
