Valid.
Start : 2026-06-01 03:39:47.564931
Parameter = 10


Runtime = 60.65 seconds
End = 2026-06-01 03:40:48.212074
